nx=48, ny=128, ixseps1=16, ixseps2=16
jyseps1_1=15, jyseps1_2=64,jyseps2_1=64,jyseps2_2=111
NXPE=1, NYPE=16
MYPE=10, NPES=16, jy0=8, gjy0=86, mid_pe=10
Te_floor=0.010775, Ni_floor=0.0591137
R0=2.22562, hthet0=0.731649
NVARS=6, NOUT=6, DUMP_PERIOD=1, MX=48, MYSUB=8, MZ=65, MYG=2, iTe_dc=1, NPVT=1,
ixmid=16, max_run_time=9.60e+01, TWOHR=1.00e+01, T0=0.00e+00
C1_SCALE=1.00e-06, C2_SCALE=4.00e-07, nu_para=1.00e-06, nu_perp=1.00e-20
RTOL=1.00e-05, FLOOR=1.00e-05, lambda=-1.00e+01, tau=1.33e+00, bkgd=0
iNixnorm=0, jNixnorm=86
Te_s=4.97e+01, Ti_s=7.37e+01, Ni_s=8.40e-02, Te_x=1.86e+02, Ti_x=2.47e+02, Ni_x=1.69e+13
AA=2.00e+00, ZZ=1.00e+00, zeff=2.00e+00, bmag=1.56e+04, eta00=4.30e+00
M_i=3.35e-24, lambda_ei=1.40e+01, lambda_ii=1.57e+01
vTi_x=1.09e+05, vTe_x=5.71e+06, beta_em=9.50e-01
wci=7.49e+07, nueix=2.72e+05, nuiix=2.31e+03, beta_p=5.18e-04, esop=1
nustar_e=-2.11e+00, nustar_i=-9.40e-01, qMHD=-3.75e+00
delta_e=1.29e-03, rho_s=1.26e-03, fmei=2.72e-04, wbex=2.56e+06, wbix=4.89e+04
toroidal range, 5.1535e-02 *2PI
etaT_sh=0.00e+00, lambda_sh=2.76e+00, kapaTe=6.79e-01,  kapaTi=1.76e-02,kapaTi0=6.71e-05,mui_hat=4.53e-06
kapaNi=2.16e-03, kapaVi=8.65e-03,nu_hat=7.27e-03, sigma_x=2.97e+06, alpha_hat=2.07e+00
WI_hat=7.18e-02, Nn=0.00e+00
psource=0.00e+00, hesource=0.00e+00, hisource=0.00e+00
